0.136693
-0.0797555
-0.015357
0.0501603
0.0389203
0.0424334
0.00185305
-0.0317747
0.187543
0.20741
-0.0658832
-0.0234798
0.047392
0.0338114
0.090634
0.0115554
-0.0535773
0.195389
-0.030824
-0.00126177
-0.00598475
0.0525701
0.0872464
0.0340248
-0.013478
0.0122064
-0.00803823
0.00718841
0.0231068
-0.0202832
0.0645169
0.0735419
0.0594225
-0.00460166
-0.00394364
-0.00918394
0.0921019
-0.0552923
0.0190167
0.0216784
0.0234512
0.0599893
0.0187037
-0.0342838
0.116955
0.114956
-0.0360713
0.0250993
0.063467
-0.00634482
0.0394123
0.0208563
-0.018154
0.0987753
-0.0138648
0.0227871
0.0217058
0.00981659
0.03372
0.025359
-0.00382561
0.00713547
0.000572275
0.0054759
0.0112878
0.0183588
0.0394034
0.0641792
0.0326696
0.0098566
0.0273466
0.0212875
0.0561103
-0.0163801
0.0201171
0.0833317
0.00549471
0.0477291
0.0341104
-0.0103498
0.0321938
0.0968188
-0.0284692
0.00910096
0.0369344
0.0209239
0.0765632
0.0218155
-0.00811343
0.121971
-0.00251403
0.00784761
0.0227246
0.0555536
0.0515976
0.0353427
0.0344495
0.0451787
0.0044095
-0.015605
-0.0163671
0.0178043
0.0299538
0.046468
0.0350177
0.0415005
0.0407087
-0.00825097
0.0883208
-0.0187833
0.00769545
0.0255443
-0.00879242
0.0449815
0.00359918
-0.0304211
0.0920884
0.105642
-0.0181824
-0.0116048
0.011567
-0.0235938
0.0442719
-0.00767768
-0.0376047
0.100484
-0.0219779
0.0262801
0.027629
0.00194109
0.0282385
0.0005592
0.0273417
0.0468241
-0.0185193
-0.0299272
0.0200616
0.00682311
-0.000481434
-0.00210418
-0.0168497
0.0106725
0.0100539
-0.0481498
0.086267
0.0114991
-0.00147326
0.0375951
0.0213962
0.0359142
0.00924377
0.000935496
0.0780283
0.0648932
-0.0139904
-0.0107507
0.00733989
0.00365497
0.0203317
-0.0284864
0.0018231
0.088052
-0.0377884
0.0556911
0.00772551
0.0141993
0.0742221
0.0223925
0.0326162
0.0562222
-0.0370098
-0.042179
0.0462343
-0.0223965
-0.00910915
0.0609244
0.0146042
0.00694028
0.0638688
-0.0500992
0.0668956
-0.0336233
-0.0232467
0.0262551
0.00328611
0.0115964
-0.00507613
0.0152456
0.0985867
0.083741
-0.0849094
-0.0342949
-0.00283501
-0.0421029
-0.0245458
-0.0393509
-0.0462145
0.0982556
-0.00895948
0.0570506
-0.013736
0.0226058
0.0673907
0.00846804
0.000763084
0.0841936
-0.00969366
-0.0358401
0.0333516
-0.00535631
0.008752
0.0469277
-0.0106497
-0.0283996
0.00856586
-0.0576871
0.039111
-0.0244367
0.00094683
0.0736735
-0.0018922
0.01476
-0.00525755
0.0121759
0.0716654
-0.0375726
-0.0600943
-0.0466404
0.0598298
0.0129177
0.0246204
-0.0377854
0.00387237
-0.00283058
0.00358182
0.0394497
0.03628
0.0590118
0.087203
0.0181938
-0.004196
0.0609947
-0.00506905
-0.0104451
-0.00488271
0.00626083
0.0367787
0.0562211
0.0208684
-0.0270527
0.0565962
0.00492625
-0.0366176
-0.0367564
-0.0220943
0.0646648
0.00588434
0.041337
-0.0315343
0.0238267
-0.00367818
0.00923478
-0.0212783
-0.0173739
0.0217166
-0.00279669
0.0473634
-0.00649956
-0.00170011
0.0121283
0.0063661
0.0343171
0.0214223
0.0564135
0.0309565
0.0326466
0.0114162
0.0895854
0.0359604
-0.0037963
0.0274328
-0.0200584
0.0156414
0.0249964
-0.00895322
0.00341073
0.044163
0.024057
0.00789952
-0.0304661
0.00608998
0.0469353
-0.00756805
0.0515796
0.0289733
0.00217059
0.000233134
0.0330987
-0.0339616
-0.0240448
0.0468263
-0.0273639
0.0275373
-0.00377744
-0.0311942
0.0337384
0.0161143
0.0316773
0.00491996
0.0210951
0.0275492
0.0266647
0.0349683
0.0470611
0.0119201
-0.03471
0.0577154
0.00768696
0.0126444
0.0227343
-0.00280857
-0.00515122
0.0192418
-0.0215097
0.0346579
-0.0191242
-0.0184186
0.0373982
-0.0350942
0.0120956
-0.00970738
-0.0138233
0.0324022
0.082944
-0.0461667
-0.0435019
0.0014916
-0.0318001
0.00881789
0.00140796
-0.0184834
0.0568913
0.0151243
0.0775079
0.0296389
0.0334943
0.0305644
0.00343836
0.018671
0.0540578
0.00747793
-0.000213172
0.0307958
-0.0202827
-0.017452
0.0156396
-0.0104526
0.000450278
0.0540015
0.00505778
0.0427945
-0.0199786
-0.00123815
0.0647634
0.00516755
0.0259401
0.0066891
0.00415697
0.0461459
0.0652845
-0.031311
-0.00365465
0.0756283
0.00322537
0.0261062
-0.0243181
-0.0194947
0.0419325
0.00279847
0.0540125
0.0271056
0.0138411
0.0540144
0.0131081
0.0181374
0.0932511
0.00371442
-0.0452485
0.0450941
0.0352095
0.0479735
0.0614374
0.00741311
-0.00540148
0.053564
-0.0467185
0.0630873
-0.0576785
-0.000692681
0.0690508
0.0337935
0.0458558
-0.0223671
-0.0220333
0.0601286
0.0854312
-0.0825106
-0.0264612
0.0248525
-0.0250791
0.0374769
-0.041645
-0.0360669
0.115127
-0.00984505
0.0284124
-0.00191762
0.0118105
0.0819605
0.033205
0.00813751
0.0181845
-0.0217073
-0.0641356
-0.00777438
-5.75488e-005
0.00455594
0.0318764
0.0187446
-0.00557862
0.0048928
-0.0515093
0.0651762
-0.0439388
0.0233796
0.0625288
0.000634213
0.0209736
-0.00744221
-0.0290369
0.108905
0.0971579
-0.0484945
0.040912
0.040357
0.0251878
0.0117984
0.0109626
-0.0565421
0.132267
-0.0362257
0.0522914
0.055676
0.0480054
0.0525967
0.0291753
0.0200036
0.0460405
-0.0438483
-0.0615072
0.0266829
0.0431966
0.0204613
0.0545978
0.0153442
0.0280867
0.0206014
-0.0541789
0.124363
-0.0274965
0.0552089
0.0554572
0.0328414
-0.00805764
0.00945172
-0.0463826
0.160469
0.174744
-0.0506579
0.051761
0.0725428
0.0399099
0.0529239
-0.00531706
-0.0987222
0.200894
-0.0593746
0.0472452
0.0388847
-0.00895651
0.0379412
0.0262681
0.0154427
0.0309641
-0.0506608
-0.0624846
0.0359266
0.0449077
0.0226612
0.0393967
0.0231219
-0.0109355
-0.0090687
-0.0881108
0.257778
-0.0776553
0.0145133
0.0619782
-0.0156968
0.0816544
0.0121563
-0.111729
0.258349
0.298412
-0.0936307
0.0219014
0.0863238
-0.0104546
0.067173
0.018901
-0.077648
0.28531
-0.0511835
-0.00801235
0.0183026
0.0300474
-0.0132752
0.0323466
-0.0118344
-0.0165965
-0.0686403
-0.0828278
-0.00419488
0.0223163
0.0214705
0.0365876
0.0567075
0.0433954
-0.0021142
-0.119059
0.0416696
-0.0157987
-0.0276623
0.0252336
0.0570776
0.0075481
-0.0419689
-0.0321018
0.000609808
0.0673999
0.0239631
-0.00117933
0.0173136
0.0262699
0.0156518
-0.00489004
0.000810574
0.0417867
-0.0137826
-0.049749
-0.0522337
0.00710105
0.0100844
-0.00799687
-0.0223044
-0.0302069
-0.0146323
0.0277027
0.0016705
-0.0142606
-0.0151125
0.0228864
0.0166691
-0.0059035
-0.013757
0.0298015
0.0426265
0.011299
0.0042425
-0.0531708
-0.0180604
-0.0154296
-0.0239518
0.0232645
0.0589266
0.0436546
-0.0151383
-0.0289394
-0.0473737
-0.00827071
-0.0143187
-0.0264106
0.0165898
0.0665057
-0.00852816
-0.0315837
0.0134155
-0.0425125
0.0191075
0.0208743
-0.0328132
-0.0307439
0.00123643
0.0233323
-0.0516689
-0.00399429
-0.0121218
-0.00623963
0.000919295
-0.06001
-0.0422686
0.0079063
0.010041
-0.0166791
-0.00226167
0.0199101
0.0365372
0.00809569
-0.00798958
-0.00612459
0.043692
0.0100744
-0.0171174
-0.00416996
0.00277735
0.0225944
0.00451383
0.005139
0.0194341
0.0412283
-0.0285323
-0.0466385
-0.020594
-0.000257362
0.0403991
0.0168585
-0.0237081
0.0104833
0.00225633
-0.0323733
-0.041676
-0.00588573
0.00686993
0.0319071
-0.0257908
0.00385346
0.0429423
0.0184457
0.00625482
0.00250017
-0.00538946
-0.0295987
-0.00157714
-0.0286689
-0.00383513
-0.000526069
0.00623144
0.0202142
0.0276051
-0.0173355
-0.0461318
-0.0067972
-0.0114832
-0.019516
-0.0194425
-0.0436107
-0.0366834
0.0141583
0.057999
0.00885618
0.00657969
-0.0297806
-0.00714794
0.0293041
-0.0161164
0.000924926
0.0994771
0.0510504
0.000728702
-0.00309291
-0.00364967
-0.00677559
-0.0156757
-0.0479943
0.0502699
0.0638141
-0.0243373
-0.0151927
0.0417576
-0.0158608
0.0100105
0.0128681
-0.010799
0.0278091
0.04408
-0.0604631
-0.046931
0.0374704
0.00587365
-0.00672322
0.0231699
-0.0103463
0.0530918
0.113527
-0.035921
-0.029324
0.0259527
0.028689
0.0138138
0.00444406
-0.0571374
0.0315824
0.0454941
-0.0725645
-0.0304126
0.0130313
0.0168434
-0.0125709
-0.0128307
-0.0366201
0.0280254
0.038573
-0.016836
0.000378092
0.0650476
0.0254402
0.0153798
0.0593414
0.0197611
-0.00577713
-0.0105485
-0.0333619
-0.012471
0.0189382
-0.0224441
-0.0186763
0.0215224
-0.0067328
0.000964586
0.0480534
0.0131154
0.0124536
0.0181095
0.0242812
0.0129705
0.00352896
-0.0502974
-0.0380346
0.0255047
-0.0245447
-0.0126218
-0.00593566
-0.0176127
-0.00228086
-0.0179363
-0.0474519
0.00447908
0.0102965
-0.0138415
0.00232599
0.0296118
-0.0180296
-0.0112652
0.0347764
0.0243611
0.00661918
-0.0141166
-0.00837698
-0.00811417
-0.00415427
-0.0325074
-0.0192654
0.020279
0.00573081
0.0111158
0.059064
-0.0184452
0.00625174
0.0298343
0.0187679
0.0208279
0.0321548
-0.00707678
0.0115963
0.0403011
-0.00231867
0.0128637
0.0253188
-0.012059
-0.00344022
0.0129597
0.0111685
0.00787092
-0.00591251
-0.00946669
0.0102192
-0.032554
-0.0186187
-0.0247001
0.0268842
0.0370373
0.00915152
0.0103257
-0.0431192
-0.00460818
-0.0156334
-0.02432
-0.0257971
0.0163508
0.00954355
0.038842
0.0660492
-0.0124938
0.00406396
0.0204098
0.00708395
-0.00785967
0.02167
-0.00115127
0.0321168
0.035437
-0.0330385
-0.00711221
0.0357406
0.0421362
0.00484251
0.0302002
0.0384953
-0.00586739
0.0190094
-0.0232343
0.0104093
0.0107013
0.0164426
-0.026617
0.0106189
0.00487469
-0.014328
0.0199658
-0.0292755
-0.010151
-0.000240493
-0.0109285
-0.0594497
-0.0334457
-0.0284778
0.00308767
0.0164809
-0.0175934
0.0336611
0.0596453
0.0719625
0.0277326
0.0653657
0.00533763
0.000283513
-0.0337889
-0.0321938
0.0075326
0.0484104
0.0661848
-0.0180289
-0.0167624
-0.0210099
-0.0149264
0.0194983
-0.0245587
-0.0233198
-0.0109673
-0.0365302
-0.0320255
-0.00379537
-0.0140768
-0.0392636
-0.0134675
-0.0541478
-0.0650763
-0.0301534
-0.0354156
-0.0249199
-0.00709768
-0.0245254
0.00774223
0.0127747
-0.0484669
-0.00388072
0.0363007
0.0163104
-0.06057
-0.0324629
-0.046685
-2.26794e-005
0.00335502
-0.0310965
-0.0185897
-0.000594786
-0.0114179
-0.0665052
-0.0383024
-0.0131318
-0.0210723
0.0139505
-0.0505868
-0.0689792
-0.00903317
-0.0138274
-0.00816663
0.0373774
-0.03516
-0.0420571
-0.0154016
-0.0515949
-0.0420383
0.00634878
-0.0196147
-0.0414707
0.00732642
-0.0405143
0.00408819
0.0288625
-0.00956182
0.00908176
0.0556707
0.0355423
-0.00223023
0.013649
-0.031336
-0.008844
0.0186123
-0.0305917
-0.00949729
0.0743354
0.00926559
-0.0211779
-0.0299835
-0.0199692
-0.00457546
-0.00947186
-0.0415063
-0.0429949
-0.00149221
-0.0204206
-0.0405626
0.0158185
-0.0149941
-0.0324234
-0.0180472
-0.00648705
-0.0577306
-0.00467727
-0.0264266
-0.0341952
-0.0199643
-0.021338
-0.0198073
0.0086473
-0.0147109
-0.015966
0.0324835
0.0209664
-0.013775
0.000438797
-0.0465673
-0.0325754
-0.0104462
0.0283399
-0.0352168
0.0239333
0.0167575
-0.000405885
-0.00439539
-0.0103768
-0.0265367
-0.00214382
0.0129364
-0.0114545
-0.00836716
-0.0201452
-0.0283707
0.0122913
-0.00733832
-0.0146095
-0.0237522
-0.0282445
-0.0644082
-0.0319698
-0.047326
-0.0336202
-0.0266489
-0.00779435
-0.0155017
0.0339435
0.0387557
0.021036
0.0229489
0.0464971
0.0329135
0.0413301
-0.0133295
-0.00904187
0.00865736
0.0150275
0.00252346
0.0410333
0.0274066
0.03407
0.0444243
-0.0119733
0.00613293
-0.00651035
0.00666209
-0.0524394
-0.0175987
0.0229079
0.00208131
0.00904712
0.0491879
0.0159804
-0.00892324
-0.0142153
-0.0336086
-0.0360466
-0.029364
-0.0465946
-0.0125199
0.0307157
0.0142878
0.0146844
0.0327081
0.0190579
0.0505949
0.0410989
0.0561657
0.045212
0.0118191
-0.019798
-0.0463089
-0.00829575
-0.0123721
0.00975429
0.00983934
-0.00481893
-0.0228323
-0.0178973
0.0360603
-0.0424422
-0.00608735
0.0212022
-0.0507596
-0.0219933
-0.0350603
0.00675375
0.0508026
-0.0348464
-0.0430943
0.00653782
0.0389284
-0.00734401
-0.00237621
-0.0270407
-0.0279828
-0.00408893
0.0352157
-0.0377888
-0.0148332
0.0216044
-0.0529964
-0.0316849
-0.0223865
-0.0228125
0.0210894
-0.0189953
-0.0571567
-0.0205766
0.0542168
-0.0315818
-0.0158258
-0.0394723
-0.0581778
-0.0475395
-0.0104664
-0.0122209
0.00425205
0.0524403
0.0147091
0.008814
0.00900275
-0.00439488
-0.00698437
0.0366759
-0.00251355
0.0244515
0.0587922
0.0330945
0.0365493
-0.0192669
-0.0173457
0.0534073
0.0419291
0.00554116
-0.00627383
0.00552709
0.0145397
-0.0121799
-0.00551689
-0.0139535
0.0507047
0.0611068
-0.039147
-0.00727727
0.0301069
0.00491585
0.0250788
-0.0272679
-0.0472267
0.0743675
-0.0291067
-0.0423939
0.0339155
-0.00232625
0.00262954
-0.0303527
-0.0576664
-0.0660274
-0.0157578
0.0510933
0.0283087
0.0399182
0.0290928
-0.00390603
0.00947098
-0.00886913
-0.00291078
0.0243129
-0.020827
0.00952656
0.134197
0.123124
0.0688471
0.0135233
-0.0378715
-0.101653
-0.0486069
0.0602533
0.123807
0.165501
0.116315
0.0409346
-0.00242817
-0.0267277
-0.0275086
0.036898
0.0393387
0.00031045
-0.0413068
-0.0206095
-0.0109334
-0.0103992
0.0105594
0.0885872
0.0620169
0.00112353
0.00434432
0.0181747
0.038797
-0.0241434
-0.0269182
0.040353
0.113272
0.051362
0.108639
0.04332
-0.0181905
-0.00121565
-0.0432788
-0.0466769
-0.0176987
0.0846094
0.114978
0.0394544
0.0321324
0.0389629
0.0776122
-0.0175611
-0.0344913
0.0668527
0.142211
0.112093
0.000968469
0.131085
0.19091
0.126505
0.0205715
-0.0483
0.00495482
0.0365828
-0.0304198
0.0101663
0.117122
0.0758238
0.0110208
-0.0439247
-0.0463786
-0.0258825
-0.0292986
-0.0686043
-0.0346115
0.0995754
0.167302
0.120683
-0.00159052
0.00835675
0.0584078
0.0907415
-0.000812209
-0.0658129
-0.00167482
0.00843056
-0.023314
-0.104896
-0.0356151
0.00491459
0.000293899
-0.0764504
0.0615309
0.130598
0.0300885
-0.0103307
0.00729178
0.0336294
0.0355943
0.0380788
-0.0134934
0.0325134
0.0433937
-0.0429755
-0.0270305
-0.0148427
0.0264857
0.0329738
0.0378143
0.00177594
-0.00365234
-0.00241848
-0.0450405
-0.0542193
-0.0517449
0.0202683
0.0214114
0.0271134
-0.0424081
-0.0287675
-0.00832125
-0.0518711
-0.0313263
-0.0474279
-0.00618931
-0.0186246
0.0168524
0.00178736
0.0169727
0.0675654
0.0182797
-0.00682598
-0.0302444
0.0114723
0.0263059
0.0487918
0.0100022
0.0363663
0.0866739
0.0229564
-0.014431
-0.0134166
0.0257739
0.0319431
0.0365463
-0.0397528
0.0172864
0.047561
-0.0153549
-0.0260079
-0.0681873
-0.0230506
-0.0352249
0.01873
-0.00928934
0.0252414
0.0287809
-0.0185336
-0.0724018
-0.059485
-0.0185162
0.00894663
-0.0203529
-0.0367356
0.0293595
0.122413
0.0197081
0.0306964
-0.0196325
0.054307
0.0305173
0.0363222
0.000573571
0.0667064
0.0722817
-0.00553619
-0.0136564
-0.0193196
0.00809558
0.0226937
0.0264341
-0.000434493
0.0300675
0.0482751
-0.0424378
-0.0119253
-0.04281
0.0223884
0.0373823
-0.0128787
-0.0383221
0.00815232
0.0156772
-0.0517708
-0.0599651
-0.0402934
-0.0121034
-0.0360912
-0.0277343
-0.0312699
0.097112
0.103796
0.0338656
0.00567079
0.0227418
0.0318349
0.0177041
0.0813546
0.0693253
0.0849715
0.0726407
0.0122097
0.00274396
0.0273033
0.043628
0.0254448
0.0916447
0.105758
0.00635437
0.018581
-0.0359673
-0.0332005
-0.0394883
0.0236995
-0.0136593
0.014497
-0.0455187
-0.047599
-0.042515
-0.0507696
-0.0721384
-0.0280555
-0.0113233
-0.0222737
0.00609223
-0.0192996
0.0667016
0.0487139
-0.00676483
0.0068697
0.00968499
0.0544853
0.0277894
0.12976
0.108669
0.0497642
0.0123648
-0.0437532
-0.00152677
0.0158318
0.0733778
0.0242474
0.0709631
0.0425023
-0.0500221
-0.000162925
-0.052115
-0.0597044
-0.0441367
-0.0135806
-0.0243748
0.0231897
0.00262382
0.0278849
0.0139284
-0.0282276
-0.0185523
-0.0102231
-0.0302621
-0.067375
0.0034581
0.0110179
0.0296116
0.0317374
-0.0371492
-0.0146044
-0.0066932
-0.028184
-0.0596077
0.0095515
0.0181946
0.0454451
0.0395403
-0.0236654
-0.0215619
-0.00750138
-0.0326116
-0.0701699
0.0152218
0.0142992
0.0263442
0.00830675
-0.0379524
-0.0301785
-0.00977993
-0.0511023
-0.0684147
0.0353704
-0.0210542
0.0288483
0.0540558
-0.0162827
-0.0560792
-0.038267
-0.042313
-0.0302196
0.0466245
0.039591
-0.00834364
0.0354177
-0.0152542
-0.0121973
0.00884645
-0.0113935
-0.0553443
0.0280603
-0.0302611
-0.00755667
0.0216457
-0.0253186
0.00491246
0.0235111
-0.0287781
-0.0281497
0.00840587
-0.000420082
-0.0086773
0.0797796
-0.0191127
-0.0429839
-0.035305
-0.0216881
-0.00875446
0.0452062
-0.0243837
0.0129874
0.0586474
-0.0326263
-0.000482712
0.0115827
-0.0216855
-0.0149262
0.00498754
0.0437921
-0.0338422
-0.0182575
-0.0195146
-0.0155349
-0.0261439
-0.0265016
-0.0432015
-0.00619265
-0.0221318
-0.00219364
-0.0101589
-0.0253786
-0.0406963
-0.0476411
-0.0272719
-0.0530225
-0.0150387
-0.0116965
0.0103713
-0.0144065
-0.056424
-0.0236786
-0.0306337
-0.023793
-0.0545278
0.0095841
0.0539064
0.05943
0.0174802
-0.0426132
-0.0140746
-0.0234281
0.00207861
-0.0366543
0.0506112
0.0880324
-0.019945
0.0343982
-0.00379782
0.00799933
-0.0361798
-0.0104875
-0.0278657
-2.73158e-005
-0.0357415
-0.0310926
-0.023447
-0.0174378
-0.0204724
-0.0304377
-0.0490726
-0.0221327
0.0139086
-0.0433404
0.0491011
0.0909607
0.0468389
0.0665554
0.0113901
0.0113351
0.00294882
0.0551318
0.0367194
0.0465178
0.063001
0.0359338
0.023097
0.0118567
0.00153106
0.00532635
0.0624895
0.0262525
0.0143973
-0.00390607
0.0253666
0.0389253
0.079611
0.0788742
0.0319665
0.0441359
0.0165159
-0.0325092
-0.0603112
-0.0201959
-0.0339561
-0.0188079
0.0010454
-0.00635397
-0.0452605
-0.0408822
0.0577214
0.0504796
0.0149454
0.0602892
0.101591
0.122477
0.0696338
0.0846568
0.0687868
-0.0112531
-0.0417811
-0.0313504
-0.0532596
0.0285538
0.0221053
-0.0256863
-0.0731328
-0.00459282
0.0534346
0.00263753
0.0249633
0.0464531
-0.0496011
0.0270036
0.00926367
-0.0125222
0.0386451
-0.0255115
-0.0359064
-0.0066975
0.0390011
-0.0287473
0.0455318
0.0361798
-0.0268441
-0.0288622
0.047543
-0.0371584
0.00238067
0.00929454
-0.0609726
0.0332433
0.0238149
-0.0410343
0.0540022
-0.0105712
-0.0512209
-0.0196271
0.0229392
-0.0386622
0.0332406
0.0193184
-0.0660079
-0.0297662
0.0492014
-0.01463
-0.0448155
-0.0217281
0.0428991
-0.0300202
-0.0443143
-0.0336825
0.0649562
0.0861782
-0.0465921
-0.0434078
0.0166309
0.0530668
0.0282605
-0.0236246
-0.0429222
0.085335
0.0647387
-0.0142005
-0.0586653
-0.0219649
0.0268504
-0.0326853
-0.0667821
-0.0330001
0.0634405
0.103542
-0.00841523
-0.0516055
0.032099
0.0701572
0.0593825
-0.0398694
-0.0546548
0.0740724
-0.0545746
-0.0402527
0.0854184
0.0940823
0.0898265
0.0677633
0.0272727
-0.0766765
-0.0727846
-0.0262337
0.0580412
0.115184
0.104229
0.0218428
0.0546827
0.0396619
-0.00525387
-0.0629978
-0.0326533
-0.0601081
0.000755733
0.0380996
0.0916254
0.127233
0.0799595
-0.0365968
-0.06576
-0.00166293
-0.0362916
0.012429
0.0576166
0.0390367
0.0813819
0.124743
0.0855414
0.000872394
0.0800795
0.0606351
0.0151057
0.00527992
-0.0552449
-0.0365031
-0.0101433
0.0789792
0.0624223
0.0408763
0.0204144
0.0532584
0.0179252
-0.00977173
-0.0211273
0.0545461
0.0874107
0.0627667
0.124551
0.073836
0.0291608
-0.0332288
-0.0403467
0.0101785
0.0332751
0.0737345
0.0800201
0.0671975
0.107709
0.0850495
-0.0335493
-0.00607738
0.0314649
0.0599908
0.0090704
0.0266066
-0.054001
0.0564811
0.124374
0.0995433
0.0374633
0.0658711
0.0971064
0.0562832
-0.0225871
-0.0917305
-0.0459494
-0.0209455
-0.0357217
-0.0560606
-0.00436193
0.0253685
-0.0113691
-0.0654341
-0.0188662
0.0674805
0.1063
0.0139551
0.0307601
0.128164
0.131222
0.0509473
-0.0574504
-0.0718881
-0.0495935
-0.0058513
-0.0412601
-0.0381481
-0.0455793
-0.0196817
-0.0495054
-0.119316
-0.0267477
0.0115601
-0.0132599
-0.0048871
-0.0118937
0.0396088
0.0322742
0.0390877
-0.0363681
-0.0434736
-0.0331299
-0.0498379
-0.0255804
-0.037141
-0.0344154
-0.0359388
-0.011175
-0.0522695
-0.0350755
0.00371245
-0.0012764
0.00491482
-0.0164077
-0.020166
-0.00597414
-0.0212549
-0.0638105
-0.0212584
0.0041884
-0.0138673
-0.0271897
-0.0583462
-0.0538722
-0.0721803
-0.0466025
-0.0199681
-0.0370695
0.00580579
-0.00415721
0.000746531
-0.0297892
-0.0145425
-0.0231069
0.0212501
-0.000465386
-0.0520596
0.00830839
-0.0172753
-0.0311456
-0.0416593
-0.0147829
0.0185357
0.00812137
-0.0624403
0.000575277
-0.00367933
-0.0358885
-0.0158907
-0.0310304
-0.0128705
-0.0250885
-0.011317
-0.00234606
-0.0422431
-0.0316751
-0.027827
-0.0457613
-0.0457277
-0.0340855
-0.00474777
-0.00303927
-0.0275341
-0.0499906
0.0316995
-0.0103601
0.0446765
0.0221254
0.047649
0.0420358
0.000278924
-0.0593507
-0.0421916
-0.0260413
-0.0415976
-0.018257
0.0251639
0.0300107
-0.00705822
-0.0217993
-0.0528516
-0.0350503
-0.000673384
0.0103523
0.0280078
0.00603234
-0.0023903
0.0151083
0.038564
-0.0500361
-0.0402902
-0.0302059
-0.00228767
0.0278504
0.0420273
-0.0416599
-0.0445215
-0.0325334
-0.0549536
-0.0395839
0.0040642
-0.000397675
0.0416168
0.0362122
0.0661783
0.00369686
0.0253235
-0.0428097
-0.0619652
-0.026951
-0.0128124
0.0123939
0.0348458
0.00172562
-0.0085522
0.0145618
-0.0652144
-0.0363996
0.0173338
0.0232273
0.0863277
0.0612383
0.0196477
-0.026391
-0.00749191
-0.0659303
-0.0615773
0.0222386
0.00846245
0.000745444
0.0370021
-0.00680095
-0.026288
-0.0243645
-0.0704249
-0.0725339
0.00599577
-0.0153368
-0.00959249
-0.00147687
0.00872445
-0.0257941
0.0268053
-0.0474363
0.0287326
0.0644118
-0.00438446
0.0161014
0.007314
0.0044194
-0.0196038
0.0392353
-0.0060055
-0.0419405
0.0261036
-0.0185735
0.00699919
-0.0120526
-0.0369352
0.00842691
0.032067
-0.0745528
0.0127708
0.0291185
-0.0399087
0.00369028
-0.00318321
0.00751109
-0.00228907
0.0615624
0.0281256
-0.0193343
0.0377839
-0.0283781
-0.00530636
-0.0135646
-0.0173703
-0.0560517
0.0126003
-0.0266535
-0.00331693
0.0832212
0.0295337
-0.0187878
-0.0152301
-0.00187548
-0.00459333
0.0583248
0.0279824
-0.0296507
-0.00280806
-0.0628722
-0.0210759
-0.0156103
-0.021652
-0.0368587
0.0209828
-0.00453983
0.00903308
0.0248312
-0.0126145
-0.00688504
-0.0185443
-0.0210797
0.00717302
0.0686692
0.0255404
-0.0336465
0.0716134
0.00141571
-0.00903314
0.0100799
-0.00441068
-0.00794244
0.0515798
-0.0291279
-0.019264
0.0169598
-0.0521563
-0.0268377
0.00408862
-0.0188892
-0.0249165
0.0141587
-0.02556
-0.0265507
0.00701532
-0.0207564
-0.0135002
0.02059
-0.0362826
-0.0205877
0.0984313
-0.0263832
-0.0213728
0.00634343
-0.0508512
-0.0187656
-0.0223715
-0.0501614
-0.0553613
0.0212813
0.00607208
-0.0255419
-0.00262428
-0.0455822
-0.0279909
-0.00758705
-0.0296819
-0.0665836
-0.0435608
0.0281542
0.0255588
0.0167535
-0.0379911
-0.0268213
-0.0433458
-0.0155074
-0.0435441
0.0134662
0.0637299
0.0152251
-0.0316752
-0.0879474
-0.0330964
-0.023485
-0.050882
-0.0442321
-0.0182001
-0.00871062
0.0517836
-0.00469077
-0.0539733
-0.0318119
-0.0235088
-0.0160415
-0.0148517
0.033188
0.0388517
0.0171889
0.0400214
0.0220928
0.0336452
-0.0278882
0.000885243
-0.0267186
-0.000317709
0.0247992
0.0291016
0.039216
0.00526486
-0.00228482
0.0201256
-0.0100048
-0.0184523
0.0186161
0.00548439
0.0431504
0.0101829
-0.0143392
0.0103556
-0.0191438
0.0307075
0.0189139
0.0315328
-0.0073615
0.0224765
0.0230612
-0.00653165
0.00107026
0.0175763
-0.0141678
-0.0120111
0.0293299
-0.00112259
0.0476603
0.0394198
0.00213673
0.060851
0.146338
0.132023
0.0219689
0.0395843
0.0260957
-0.0585371
-0.0623319
-0.0385102
-0.0512261
0.0473312
-0.0151338
-0.0404588
-0.0715517
-0.0620104
0.0261091
0.0416637
0.0196703
0.0979901
0.129303
0.0748757
0.00888572
0.040175
0.0237977
-0.0458269
-0.0519335
-0.041033
-0.0114578
0.0255916
-0.0589156
-0.0679496
-0.100126
-0.0800609
0.012192
-0.0417295
0.00564902
0.0433495
-0.0173078
0.032742
0.0408817
-0.0414583
0.0107798
-0.0143044
-0.0414126
-0.00162286
0.0232497
-0.0196899
0.0207178
0.0130684
-0.0467797
-0.0167858
0.0234051
-0.0322284
0.0218931
0.039865
-0.00879264
0.0279806
0.0198496
-0.0658227
0.00235215
-0.0400316
-0.0446848
-0.00197857
0.00425163
-0.0397367
0.00283622
-0.0222063
-0.0451592
-0.00457089
0.0337027
-0.00833009
-0.016709
0.00294016
-0.00437922
0.0065929
-0.0115969
-0.00476466
0.0142356
0.0718407
-0.00147821
-0.0174768
0.0426024
0.0252879
0.0537274
0.00701399
-0.0412097
0.0418877
0.00448176
0.0130316
0.00893584
0.0329331
0.0105457
0.0543514
0.0235963
-0.0343352
0.0106511
0.0501783
0.00883483
-0.0226205
0.0220579
0.0306172
0.0803237
0.0455375
-0.014247
0.0512023
-0.0197954
-0.0550287
-0.0243151
0.00251079
0.0644325
0.107008
0.115415
0.0165262
-0.0208981
0.0366093
-0.018812
-0.00756378
0.0152606
0.0317131
0.0858722
0.182579
0.135975
0.0770897
-0.0495271
-0.0523507
-0.0552977
-0.0271839
0.0183231
0.0164182
0.0274816
-0.0507878
-0.0356151
-0.000106477
-0.0273001
-0.0301187
0.0108655
0.00837967
0.00104647
0.0172063
0.0328011
0.0208464
0.142786
0.113548
0.0208496
-0.0162653
-0.0256148
-0.00670147
0.030579
0.0524489
0.100409
0.110472
0.167355
0.101202
-0.0109779
0.000200506
0.0780299
0.0581946
0.00613335
0.0206589
0.045471
0.0432085
-0.0135717
-0.0104749
-0.00177015
-0.0426663
-0.0519715
-0.0233515
0.0408195
0.0264524
0.0682335
0.0221275
-0.0198437
-0.00851867
0.0168406
-0.0210071
-0.0468969
-0.0447705
0.00114324
0.0871681
0.0700562
0.000148378
0.0298149
0.15907
0.183495
0.0924104
-0.0545907
-0.0643769
-0.00960791
-0.0165091
-0.0568077
-0.0545527
-0.00681581
0.0434023
0.0259265
-0.0572721
-0.0476341
0.00867509
-0.0108604
-0.0574477
0.0388107
0.110202
0.172725
0.116189
-0.011447
-0.0609081
-0.055148
-0.0724817
-0.0739826
-0.0162569
-0.00111583
0.101839
0.122046
0.0151699
-0.0145904
0.0663958
0.0337876
-0.00183808
-0.024801
-0.0418371
-0.0204007
0.0200128
-0.0142902
0.0184312
0.0769454
0.0194486
-0.0211192
-0.069096
-0.047166
-0.0421163
-0.00290768
-0.021904
-0.00176497
0.0469407
0.0164078
0.00523641
0.0524878
0.00865745
0.0418067
0.120115
0.0644986
0.017744
0.0349525
0.0318688
0.0114414
-0.00567231
-0.00807595
-0.0370866
0.029921
0.0374752
0.00705844
0.051152
-0.0191255
-0.0314988
-0.0597532
-0.0341875
-0.0408874
0.0444943
0.00604159
-0.0152939
0.0363748
-0.00837069
-0.018566
-0.0521861
-0.0553965
-0.00714277
0.0498811
0.00301474
0.0378369
0.0550483
0.0236572
0.00210693
-0.0343876
-0.0138601
-0.00277199
0.0632635
0.019195
0.00934184
0.0334904
0.0200457
0.0139387
-0.00576549
-0.0250979
0.0304858
0.0865302
0.0310446
-0.0135322
0.0414612
0.0238148
0.0253539
-0.0332558
-0.0251933
-0.00675735
0.0722959
0.0287569
-0.0204651
-0.0189189
-0.0332912
-0.00722324
-0.0421735
-0.0599096
-0.0395158
0.0342801
0.0186445
0.0437533
0.0361291
0.0247558
0.0381781
-0.00319014
0.0103064
0.0376095
0.134554
0.0494371
0.012425
0.0150675
-0.00573919
0.00100247
-0.0111949
-0.0443164
-0.00775572
0.0676962
0.0657993
-0.0276036
0.0099143
-0.0184767
0.0434257
-0.0182064
-0.0322161
-0.025634
0.0436391
0.00401314
-0.0415161
0.0150779
-0.028964
0.0107679
-0.0274807
-0.0638686
-0.0271109
-0.0077394
-0.0527919
0.0449954
0.0328979
-0.0203788
0.0281883
0.0162728
-0.0260618
0.00548921
0.0621554
0.0775575
0.101656
0.0503744
-0.0080397
0.0494936
0.0384932
-0.01938
-0.00945565
0.0455942
0.0902423
-0.0111873
0.0244989
-0.0485612
-0.00264456
-0.0573425
-0.0612431
-0.0257583
0.0247832
-0.0458175
0.0137758
0.0190828
-0.0905738
-0.00987186
-0.0167831
-0.0264577
-0.0459689
0.0187525
0.00772442
0.0796791
0.0891482
0.00341876
0.0644596
0.0234308
-0.0119153
-0.0167716
0.0522313
0.0657121
0.0317146
0.0925521
-0.00473371
0.0446156
0.0333877
0.0033308
-0.0326016
0.039967
0.0418225
-0.0107449
0.0261491
-0.0676456
-0.0354481
-0.0218509
-0.020535
-0.0421567
0.0403149
0.0307264
0.0224479
0.0161581
-0.0379217
-0.0223634
-0.0387613
-0.0383889
0.000119994
0.0840346
0.043692
0.0233076
0.0256763
-0.0704568
-0.0228374
0.0210701
-0.00211607
-0.0434286
0.0348489
0.0321399
0.00952306
-0.0182093
-0.0553004
-0.0254848
-0.00209748
-0.0455446
-0.0569312
0.0445491
0.0313621
-0.0304402
0.0252205
-0.0307956
-0.00570485
0.00344571
-0.0367739
-0.0199097
0.104638
0.0238987
0.0102966
0.023838
-0.0274451
0.00183707
-0.0113858
-0.011353
-0.0124595
0.063971
0.0257465
-0.00524775
-0.00999323
-0.0415697
0.0080478
0.00418263
-0.0483681
-0.0528178
0.0410112
0.0122277
0.0182716
-0.0158908
-0.0358286
-0.0059192
0.030173
-0.0146686
-0.0529923
0.0237812
0.0225649
0.012099
0.0135769
-0.0601472
-0.0139808
-0.0279232
-0.033172
-0.0245819
0.0145612
0.0151127
0.0557048
0.0520821
-0.0179945
-0.00188638
0.00620022
-0.000879919
0.0150019
0.0653737
0.0524623
-0.0136187
-0.0371984
-0.0751871
-0.0346799
-0.0194633
-0.0388915
-0.0409576
-0.0149002
-0.011432
-0.0170355
-0.0274549
-0.0490695
-0.0253427
-0.00527141
-0.0564031
-0.0368949
-0.0156426
0.00103042
0.0391302
0.0758046
0.0344335
0.0349451
0.0322876
0.0625542
0.080126
0.110473
0.0544
0.0192432
0.0486518
0.010172
0.0133902
0.0113348
-0.000844083
0.0392878
0.0844751
0.0510135
-0.0111421
0.0441396
0.00372961
-0.00301579
-0.0189385
-0.0372235
0.0146204
0.0512795
-0.00454826
-0.0135938
0.0099566
-0.0235584
-0.0267988
-0.00401383
-0.0663361
-0.0230326
0.0167869
-0.0137636
0.070504
0.0811882
0.0572344
0.117812
0.10355
0.0557745
0.0153996
0.0722266
0.0544709
0.0134187
-0.0246625
-0.019558
0.0349095
0.0360408
-0.0147467
-0.0439801
-0.0482822
-0.0115124
0.0368545
0.0293572
0.0419273
0.0953068
0.0718555
0.0121657
-0.00348244
0.0126901
0.0247284
-0.0340592
-0.04994
-0.0283262
-0.00241985
0.00801728
-0.0428341
-0.0506064
-0.0657915
-0.0295257
0.0460155
-0.00055923
0.0110947
0.0498675
-0.0248823
0.018448
0.00362556
-0.0319903
0.0304105
-0.0272916
-0.0171754
0.0260026
0.0604098
-0.0217449
0.0263258
-0.0208461
-0.0427856
0.0118069
0.0430693
0.00141884
-0.0103237
0.0278225
-0.0301184
0.0116737
0.0185752
-0.0125229
0.0294803
-0.0433212
0.000732764
0.0426766
0.0519193
-0.0186381
0.0097411
0.000444668
-0.0239697
-0.0231208
0.0106778
-0.0049907
-0.0129066
0.0295105
0.0155977
-0.0101309
-0.0227716
-0.0159853
0.0171729
0.033339
0.0203657
-0.00419022
0.017354
0.00412312
-0.011158
0.00823911
0.00200588
0.0557959
-0.00468521
-0.028582
-0.0512265
0.017346
0.0600996
0.0242103
-0.00155716
0.0295975
0.0497129
0.0359873
0.00147969
0.0125921
0.0254152
0.035596
0.00809114
-0.0239989
0.020737
0.0727547
0.00192975
-0.0111169
-0.00822006
0.0288654
0.0228651
-0.0115979
0.0193419
-0.0381917
0.00612351
0.0215366
-0.0425543
-0.0417822
0.00294618
0.000234493
-0.0333458
-0.00326803
-0.0333783
0.0276505
0.0338398
0.0134364
-0.0022532
0.0139719
0.015441
-0.0185528
-0.0269298
-0.0254238
0.0233044
0.0448137
0.00871853
-0.0108062
0.0258499
0.047268
-0.0251428
-0.0175305
-0.0174808
0.0226601
0.00469006
-0.0212938
-0.0442539
0.0116936
0.0437259
-0.0268368
-0.0456743
-0.0448385
0.0053745
-0.0164448
0.0187934
-0.00331516
-0.00627994
0.0307491
-0.00614129
-0.0389525
-0.0406083
-0.0446857
0.0319371
0.00846846
0.00494223
0.0232072
0.047489
0.0209201
0.004785
-0.00830593
0.0134406
0.0292186
0.0336635
0.0236384
0.0168578
0.0328493
0.00542521
-0.00576174
-0.0206796
-0.00588553
-0.0277525
0.0144771
-0.00426355
-0.0286112
0.0125413
0.0119528
0.0334656
0.0497622
-0.014147
-0.0309545
-0.0338062
-0.0357857
-0.0383699
-0.00633933
-0.0167104
0.0184207
0.0977994
0.0148801
-0.00296923
0.00112046
-0.0124322
-0.000842786
0.0273613
-0.0225157
-0.0301329
-0.00556745
-0.0299564
-0.0117713
-0.0117733
-0.0429444
-0.0136017
0.00443889
-0.0409958
-0.0575593
0.0355027
0.00497649
-0.0268774
-0.00474802
-0.00963871
0.00328479
0.0240811
-0.00479324
-0.0312499
0.108444
0.0647616
-0.0354305
-0.0192346
-0.0104538
0.0138863
0.0249199
-0.00520324
-0.0681614
0.0381582
0.04585
-0.00403553
-0.00552261
-0.00721275
0.0276171
0.0308124
-0.0123322
-0.0271973
0.0731654
0.0612282
-0.0201748
-0.00420289
-0.0210262
0.0184272
0.023115
-0.0607103
-0.0706364
0.0282673
0.0192181
-0.0356374
0.0251846
0.0216467
0.0382119
0.0178842
0.0244726
0.00164803
0.0571757
0.0189319
-0.0557843
-0.0227771
-0.0066075
0.0133918
-0.0038015
0.0183146
-0.00116658
0.035989
-0.0247824
0.0179109
0.0414753
-0.0207344
0.011253
0.0336488
-0.0158953
-0.0366605
0.0225287
0.0179635
0.0107002
0.0186421
-0.0267706
-0.0047816
0.00737418
0.00629276
-0.0370306
-0.0287255
0.00613965
-0.00975042
0.000549277
0.0172154
0.0273287
0.0393908
0.0332061
0.0139703
0.0883429
0.0249988
0.00402801
0.000729206
-0.00265608
-0.000105887
-0.011333
-0.00658673
-0.00315743
0.0349016
0.0307309
0.030399
0.0454532
-0.00754364
-0.00250221
0.0372926
0.0167562
-0.0277327
-0.016362
0.0131602
-0.0125113
0.0285658
-0.00778099
-0.00608945
-0.0170571
-0.0150903
-0.00115499
-0.0221477
-0.000852824
-0.025571
0.023711
-0.00107593
0.0173565
-0.0161067
-0.0106386
-0.00491655
0.030196
0.0240042
0.0295501
0.00390548
-0.0128283
0.0582615
0.0323347
0.00636085
-0.00920217
0.0238308
0.0222207
0.0183977
0.0289975
0.00188699
-0.00767132
-0.0224871
0.00475727
0.0178987
0.000731143
0.0213457
0.00845518
0.00747953
0.010052
-0.0097197
-0.00666673
0.00343985
-0.0222305
0.0047284
0.0126613
0.0101881
0.0173204
0.00618149
0.0819389
0.0607443
0.0366593
0.00621993
0.0396695
-0.0300195
-0.00559383
0.0152831
-0.00124167
0.0433294
0.0514392
0.0466403
0.0168856
0.0281596
0.00865094
-0.00469787
-0.00322827
-0.0319763
0.0165423
0.00665114
0.00681442
-0.0206771
-0.0108536
-0.0106142
-0.00983467
-0.0370039
-0.0401845
-0.00900384
0.00332487
0.00409004
-0.0215024
0.0277585
-0.0014276
-0.0279748
-0.0318108
-0.0397138
-0.0025727
0.0413509
0.0237601
-0.0162756
0.0517721
0.0125551
-0.0199696
-0.0492623
-0.0401556
0.0103903
0.0374726
0.0298074
-0.0119502
0.046657
-0.000530416
-0.0354726
-0.00633402
-0.0201452
-0.0236007
-0.0167818
-0.00030536
-0.0302916
0.0124292
-0.00934331
-0.041246
0.00719136
-0.0119256
-0.0151155
-0.00825827
-0.0108658
-0.0557883
-0.0222004
-0.040568
-0.0134374
-0.000352995
0.0114166
0.0453825
0.0764082
0.0169068
-0.00833569
0.0542822
0.0356817
-0.0139166
-0.0245831
0.00445053
0.0365749
0.0704878
0.0169429
-0.0389318
0.0295063
0.00701539
-0.038696
0.0154944
-0.000161324
0.0103578
0.0271219
-0.027329
-0.0307366
0.00954858
-0.0288155
-0.0315927
-0.0256809
-0.0371302
-0.00971269
0.00572196
-0.0220672
-0.0378268
-0.0283333
-0.0365829
-0.0158755
-0.0245353
-0.0234086
0.0322895
0.0438175
0.024129
-0.0135665
0.0133875
0.0231926
-0.0329906
0.00178224
-0.0147873
0.0197272
0.0275766
0.00122853
0.0193228
0.0165141
0.0070908
-0.0115731
-0.0160481
-0.0360858
-0.0155931
0.00611762
-0.00523711
-0.00884531
-0.0150043
-0.00632711
-0.0271175
-0.0170573
-0.0296969
-0.0571547
-0.0154143
-0.0299656
-0.0136184
-0.024579
-0.0135115
0.00692078
0.067457
0.0384544
0.0674023
0.0545475
0.0393768
0.05585
0.0585927
0.00116547
0.00704102
0.0562995
0.0307297
0.0359665
0.00466796
0.0132542
0.0121073
0.0357509
0.00183937
-0.0285066
0.0100995
-0.00545026
-0.0172244
-0.0148533
0.00236288
0.000114051
-0.00707271
-0.0322027
-0.0406088
-0.0208733
-0.0126236
-0.0332513
-0.0451972
-0.0364299
-0.0340303
-0.0263509
-0.0402847
0.0193307
0.0242089
0.0376211
0.0785877
0.0291348
0.0256473
0.0192733
0.00757611
0.0126445
-0.01972
-0.0108914
-0.0128272
0.015166
0.0040991
-0.0203639
-0.0193408
-0.041208
-0.0212646
0.0219591
0.0110346
0.00456085
0.00239231
0.0123497
-0.0235318
0.0334655
-0.00560567
0.00968672
0.0045775
-0.00107068
-0.0233702
-0.0259798
-0.00448081
-0.0296447
-0.00268044
-0.0166617
0.0156373
0.0377867
-0.00243298
-0.00014587
0.00801826
-0.0484051
-0.0162603
-2.43431e-005
-0.0286952
0.029297
-0.0460174
-0.0327111
0.011447
0.00710665
-0.0106669
0.0246773
-0.00702176
-0.030534
-0.0310106
0.0387116
-0.0138871
-0.0118149
-0.00445277
-0.0109585
0.00574504
-0.00361356
-0.0209424
0.053019
-0.0221777
-0.0529275
-0.00786119
0.00555366
0.00449318
0.0270319
-0.02201
-0.0397526
-0.0250243
-0.00147355
-0.0287675
-0.0390707
-0.0142309
0.0457466
0.0485533
0.0118956
0.0239036
0.0185183
0.02383
-0.0139319
0.00139497
0.0395701
0.0300735
0.0360038
-0.0133682
-0.0123404
0.0213079
0.0200725
-0.00417549
-0.00864244
0.0272825
-0.0370139
0.0494535
0.00628016
-0.000428061
0.00450408
0.0771061
0.0098515
0.000478828
0.0966635
-0.0299762
0.0554774
0.00630689
-0.0315001
0.0681277
0.00189509
-0.00130556
-0.00218707
0.0179304
0.00342953
-0.00893096
-0.012661
-0.0428011
-0.0128482
0.0581444
-0.00159019
-0.018661
0.00240474
0.0633208
0.0143665
0.0115897
0.0150536
0.0271137
0.0617
0.0133456
0.00310363
0.0563889
-0.0513669
0.0274038
0.00538062
-0.0509374
0.0373576
0.0661375
0.0437156
0.0279475
0.0472272
-0.0308789
0.0570045
0.0362229
0.0220046
0.0604491
0.0220124
0.0283303
0.00823104
0.00259456
0.0401401
-0.00187453
0.0146083
0.0280931
0.00819775
0.0145806
0.0311442
0.0204946
0.00685642
0.0215611
0.00104616
-0.0103897
-0.0166173
-0.00652879
0.0182677
0.0462496
0.0403488
0.0543404
-0.0404788
0.0504957
0.0331424
0.0338024
0.0441801
0.0500721
0.0339528
0.0805804
0.0646324
-0.0389825
0.0258919
0.0109532
0.0362836
0.0227718
-0.00983132
-0.00162256
0.00523834
0.0121279
0.0443515
0.00504746
0.00942373
0.0123401
-0.0126886
-0.0311551
0.000372136
-0.0159306
0.00736229
0.0272826
-0.012805
-0.0378798
-0.00241322
-0.0109824
0.0304572
-0.024076
0.00311104
0.0322302
-0.0700944
0.0172382
0.0190884
0.0287813
0.0129814
-0.0154001
-0.0115304
-0.0423144
0.00491307
-0.0871223
-9.87657e-005
-0.0285525
0.0139869
-0.0134178
-0.0144339
0.074128
0.0396445
0.0547676
0.0632785
0.018237
-0.0173684
0.0433494
-0.00617231
-0.0287269
0.0190086
-0.0115367
0.00187314
0.0613468
-0.0463494
-0.0558057
-0.00327517
-0.0299141
-0.0363354
0.030741
-0.00105398
0.0408163
-0.0346475
0.0579565
0.0113087
0.0380064
-0.0211779
-0.00882191
-0.00310874
-0.0422454
0.0130996
-0.046702
0.0277023
-0.0462747
-0.0234383
-0.0284358
-0.0176901
0.0340062
-0.0318568
0.0149691
0.0820114
0.0213274
-0.0322318
0.00121705
0.0105358
-0.00747145
0.0068182
-0.0425969
-0.004816
0.0426327
0.00608006
-0.0360019
-0.00739617
-0.0029124
0.00835753
0.020252
-0.0374287
0.0456702
-0.0184113
0.0534175
-0.0303694
-0.0358456
-0.0148583
-0.00552302
0.00389277
-0.0422273
0.00663213
-0.0673579
0.00318841
-0.0693082
-0.0608597
-0.0373096
-0.00434714
0.0501859
-0.0137814
0.00496855
0.0620246
0.0204262
-0.0148542
-0.0103277
-0.0103323
-0.0272593
0.00750032
-0.039427
0.0126314
0.0238805
0.00764026
-0.0196928
-0.00762103
-0.00164038
0.0224971
0.0422443
-0.000369913
-0.00123985
-0.043564
0.0409333
-0.0265209
-0.00868191
-0.0038575
-0.0116674
0.0399182
-0.0166287
-0.00529141
-0.0536945
0.0319152
-0.0466735
-0.00322374
-0.0217987
0.023886
0.0527944
-0.00467524
-0.00115063
0.0125815
0.0140516
0.0158802
0.0170604
0.0167571
0.0333058
0.0374478
0.000538653
-0.0110194
0.00446234
-0.0114372
-0.0120184
-0.00779575
0.00982833
0.0012172
0.0531021
-0.0255787
-0.0129241
-0.0644393
0.0124443
-0.0375629
0.0224365
-0.0222171
0.00558706
0.016976
-0.0094652
0.0152914
-0.0521255
0.015152
-0.0227393
-0.00606515
-0.017549
0.0185648
0.020883
-0.00305687
-3.59485e-006
0.0107495
0.0145984
-0.00672254
-0.0224555
0.00210352
-0.00511603
-0.00627845
-0.0302515
-0.010917
0.00942946
0.0216237
-0.00744778
-0.00299945
-0.0087897
0.00376966
0.0306534
-0.00893506
0.030496
-0.0424945
0.0542999
0.00745124
-0.011796
-0.0203715
-0.00335025
0.0193165
-0.0168846
0.018392
-0.083993
0.0285354
-0.0155914
0.00542666
-0.0157304
0.00618577
0.0159842
-0.0219217
-0.0129394
0.0145554
0.0312768
-0.0166945
0.0118241
0.0243258
0.0355572
0.0348921
-0.0134868
-0.0167082
0.0192367
0.000726803
-0.0566854
-0.0164504
0.0211453
0.00897121
0.0109143
-0.0376336
0.00076813
-0.0789134
0.0102172
-0.0250283
0.00340739
-0.00993715
-0.00663938
0.0169743
-0.0544612
-0.0176891
-0.0849934
-0.0190257
-0.0551221
-0.00301957
0.000662396
0.00186563
0.0390874
-0.00404461
0.0179447
0.0336896
0.0249425
-0.00343203
-0.00291703
0.000726959
-0.0265717
0.00725481
-0.030063
-0.000974379
0.0175752
0.012562
-0.00977098
-0.00804336
-0.013148
-0.0127652
0.0113122
-0.0263083
0.00349499
-0.0569667
0.0465039
0.0137546
0.0181613
-0.00968952
-0.021833
0.0367505
0.00561325
0.00771024
-0.0954685
-0.00888809
0.000340309
-0.0018682
-0.0109067
0.0151042
0.0138104
-0.00205895
0.0313884
0.0301207
0.015071
-0.00556112
0.00977076
0.0180422
0.00225184
-0.0100924
-0.0259383
-0.0418118
0.0111005
-0.010389
-0.0148852
-0.0196178
4.1988e-005
-0.0215115
0.0292358
-0.000703948
0.0328852
-0.0698007
0.0210499
-0.00614822
0.0062424
-0.000462574
-0.0586336
-0.00966867
-0.0365309
-0.0023735
-0.105648
0.0144785
-0.0171191
-0.0184911
-0.0362988
-0.00700326
0.0231442
0.024618
0.0435922
0.0493237
0.0539409
0.0341482
0.0244969
0.00570176
-0.0132186
0.0181133
0.0262319
-0.0227013
0.0340738
0.0187519
0.0338808
0.0167368
-0.0151323
-0.0198031
0.022328
0.0136985
0.0326587
-0.0638614
0.0590552
0.0488504
0.0181809
-0.0400685
-0.0155909
0.0303805
0.00603839
-0.0177186
-0.0394527
0.0255174
0.0250176
-0.000535141
-0.0518576
0.011443
0.000447118
-0.0176163
-0.00865341
0.0525401
-0.00595345
0.0261978
0.0207002
-0.00971065
-0.00177626
-0.0138515
-0.00379141
0.005199
0.0493341
0.0265701
0.00779631
-0.0016592
-0.0119823
-0.0226142
0.0380834
0.00705237
0.00367555
-0.0325781
0.0134755
0.0186697
0.0181615
-0.0269263
-0.0113404
0.000373856
0.0189682
0.045291
-0.0368589
0.0331874
0.0215447
-0.00126206
-0.0120699
0.0259873
-0.0362083
-0.00452946
0.00471784
0.0175501
0.00328473
-0.0297727
-0.0269125
0.0323551
-0.0254986
-0.033681
0.0125778
0.015178
0.0139069
-0.00233186
-0.0376999
-0.0478639
-0.0207427
0.0382367
-0.0248192
0.0158648
0.0297162
-0.0883989
0.0492355
-0.0022135
-0.00399698
0.027174
0.0138326
0.014602
0.0355452
0.0105361
-0.0901606
0.0367197
-0.0011018
-0.0129471
-0.00617078
-4.24941